accuracy = [1.0, 1.0, 0.99, 1.0, 0.995, 1.0, 0.9975, 1.0, 0.9975, 1.0, 0.9975, 1.0, 0.995, 1.0, 1.0, 1.0, 1.0, 1.0, 1.0, 1.0, 1.0, 1.0, 1.0, 1.0, 1.0, 1.0, 1.0, 1.0, 1.0, 1.0, 1.0, 1.0, 1.0, 1.0, 1.0, 1.0, 1.0, 1.0, 1.0, 1.0, 1.0, 1.0, 1.0, 1.0, 1.0, 1.0, 1.0, 1.0, 1.0, 1.0, 0.9875, 1.0, 0.9875, 1.0, 0.985, 1.0, 0.985, 0.9975, 0.965, 1.0, 0.975, 1.0, 0.9675, 1.0, 0.95, 0.9625, 1.0, 1.0, 0.955, 1.0, 0.955, 1.0, 0.9475, 1.0, 0.9375, 1.0, 0.9575, 1.0, 0.945, 1.0, 0.94, 1.0, 0.95, 1.0, 0.9425, 1.0, 0.9325, 1.0, 0.955, 1.0, 0.965, 1.0, 0.9625, 1.0, 1.0, 0.9625, 1.0, 0.9625, 1.0, 0.9625, 1.0, 0.9675, 1.0, 0.9875, 1.0, 0.99, 1.0, 0.99, 1.0, 0.9925, 1.0, 0.995, 1.0, 0.995, 1.0, 1.0, 1.0, 1.0, 1.0, 1.0]
precision = [0, 0, 0, 0, 0, 0, 0, 0, 0, 0, 0, 0, 0, 0, 0, 0, 0, 0, 0, 0, 0, 0, 0, 0, 0, 0, 0, 0, 0, 0, 0, 0, 0, 0, 0, 0, 0, 0, 0, 0, 0, 0, 0, 0, 0, 0, 0, 0, 0, 0, 0.0, 0, 0.0, 0, 0.0, 0, 0.25, 0.0, 0.0, 0, 0.25, 0, 0.25, 0, 0.09523809523809523, 0.11764705882352941, 0, 0, 0.15, 0, 0.2, 0, 0.21739130434782608, 0, 0.23076923076923078, 0, 0.15789473684210525, 0, 0.047619047619047616, 0, 0.23809523809523808, 0, 0.3181818181818182, 0, 0.15, 0, 0.0, 0, 0.0, 0, 0.09090909090909091, 0, 0.2777777777777778, 0, 0, 0.15384615384615385, 0, 0.0, 0, 0.11764705882352941, 0, 0.14285714285714285, 0, 0.16666666666666666, 0, 0.0, 0, 0.0, 0, 0.0, 0, 0.0, 0, 0.0, 0, 0, 0, 0, 0, 0]
recall = [0, 0, 0.0, 0, 0.0, 0, 0.0, 0, 0.0, 0, 0.0, 0, 0.0, 0, 0, 0, 0, 0, 0, 0, 0, 0, 0, 0, 0, 0, 0, 0, 0, 0, 0, 0, 0, 0, 0, 0, 0, 0, 0, 0, 0, 0, 0, 0, 0, 0, 0, 0, 0, 0, 0.0, 0, 0, 0, 0, 0, 1.0, 0, 0.0, 0, 0.75, 0, 0.8, 0, 0.6666666666666666, 1.0, 0, 0, 0.75, 0, 0.6666666666666666, 0, 0.625, 0, 0.5454545454545454, 0, 0.75, 0, 0.3333333333333333, 0, 0.38461538461538464, 0, 0.5833333333333334, 0, 0.3333333333333333, 0, 0.0, 0, 0, 0, 0.2, 0, 0.7142857142857143, 0, 0, 0.3333333333333333, 0, 0, 0, 1.0, 0, 0.6666666666666666, 0, 1.0, 0, 0, 0, 0, 0, 0, 0, 0, 0, 0, 0, 0, 0, 0, 0, 0]
measure = [0, 0, 0.0, 0, 0.0, 0, 0.0, 0, 0.0, 0, 0.0, 0, 0.0, 0, 0, 0, 0, 0, 0, 0, 0, 0, 0, 0, 0, 0, 0, 0, 0, 0, 0, 0, 0, 0, 0, 0, 0, 0, 0, 0, 0, 0, 0, 0, 0, 0, 0, 0, 0, 0, 0.0, 0, 0.0, 0, 0.0, 0, 0.4, 0.0, 0.0, 0, 0.375, 0, 0.38095238095238093, 0, 0.16666666666666666, 0.21052631578947367, 0, 0, 0.25, 0, 0.3076923076923077, 0, 0.3225806451612903, 0, 0.32432432432432434, 0, 0.2608695652173913, 0, 0.08333333333333333, 0, 0.29411764705882354, 0, 0.4117647058823529, 0, 0.20689655172413793, 0, 0.0, 0, 0.0, 0, 0.125, 0, 0.4, 0, 0, 0.21052631578947367, 0, 0.0, 0, 0.21052631578947367, 0, 0.23529411764705882, 0, 0.2857142857142857, 0, 0.0, 0, 0.0, 0, 0.0, 0, 0.0, 0, 0.0, 0, 0, 0, 0, 0, 0]
