accuracyLK = [1.0, 1.0, 1.0, 1.0, 1.0, 1.0, 1.0, 1.0, 1.0, 1.0, 0.98, 0.9875, 0.9975, 1.0, 0.995, 0.9775, 1.0, 1.0, 0.9875, 1.0, 1.0, 0.995, 0.9925, 1.0, 0.9925, 0.995, 1.0, 1.0, 1.0, 1.0, 0.995, 1.0, 0.995, 1.0, 0.9925, 0.9875, 0.925, 0.9, 0.895, 0.885, 0.895, 0.895, 1.0, 1.0, 1.0]
precisionLK = [0, 0, 0, 0, 0, 0, 0, 0, 0, 0, 0.1111111111111111, 0.2857142857142857, 0.8, 0, 0.5, 0.1, 0, 0, 0.0, 0, 0, 0.0, 0.0, 0, 0.0, 0.0, 0, 0, 0, 0, 0.0, 0, 0.0, 0, 0.0, 0.0, 0.03225806451612903, 0.047619047619047616, 0.0, 0.10416666666666667, 0.047619047619047616, 0.0, 0, 0, 0]
recallLK = [0, 0, 0, 0, 0, 0, 0, 0, 0, 0, 1.0, 1.0, 1.0, 0, 0.5, 1.0, 0, 0, 0, 0, 0, 0, 0, 0, 0, 0, 0, 0, 0, 0, 0, 0, 0, 0, 0, 0, 1.0, 1.0, 0, 0.625, 0.5, 0, 0, 0, 0]
measureLK = [0, 0, 0, 0, 0, 0, 0, 0, 0, 0, 0.2, 0.4444444444444444, 0.8888888888888888, 0, 0.5, 0.18181818181818182, 0, 0, 0.0, 0, 0, 0.0, 0.0, 0, 0.0, 0.0, 0, 0, 0, 0, 0.0, 0, 0.0, 0, 0.0, 0.0, 0.0625, 0.09090909090909091, 0.0, 0.17857142857142858, 0.08695652173913043, 0.0, 0, 0, 0]
