accuracyLK = [1.0, 1.0, 1.0, 0.9975, 1.0, 0.9975, 1.0, 1.0, 1.0, 0.9975, 1.0, 0.9975, 1.0, 1.0, 1.0, 1.0, 1.0, 1.0, 1.0, 1.0, 1.0, 1.0, 1.0, 1.0, 1.0, 1.0, 0.9975, 1.0, 0.995, 1.0, 1.0, 0.995, 1.0, 0.995, 1.0, 0.9975, 1.0, 0.995, 1.0, 0.995, 1.0, 0.9975, 1.0, 1.0, 1.0, 0.995, 1.0, 0.995, 1.0, 0.995, 1.0, 1.0, 1.0, 0.9975, 1.0, 0.9975, 1.0, 1.0, 1.0, 1.0, 1.0, 1.0, 1.0, 1.0, 1.0, 1.0, 1.0, 0.995, 1.0, 0.9925, 0.9925, 0.9675, 1.0, 0.97, 1.0, 0.975, 1.0, 0.9725, 1.0, 1.0, 0.96, 1.0, 0.9675, 1.0, 0.97, 1.0, 0.975, 1.0, 0.9525, 1.0, 0.9675, 1.0, 1.0, 0.975, 1.0, 0.9825, 1.0, 1.0, 0.9875, 0.975, 1.0, 0.98, 1.0, 1.0, 1.0, 0.9725, 1.0, 0.9725, 1.0, 0.98, 1.0, 0.975, 1.0, 0.9825, 1.0, 1.0, 0.9775, 1.0, 0.9775, 1.0, 0.9825, 1.0, 0.985, 1.0, 0.9825, 1.0, 0.9825, 1.0, 1.0, 0.9875, 1.0, 0.9875, 1.0, 0.9875, 1.0, 0.9925, 1.0, 1.0, 1.0, 0.9925, 1.0, 1.0, 1.0, 0.9975, 1.0, 1.0, 1.0, 1.0, 1.0, 1.0]
precisionLK = [0, 0, 0, 0, 0, 0, 0, 0, 0, 0, 0, 0, 0, 0, 0, 0, 0, 0, 0, 0, 0, 0, 0, 0, 0, 0, 0, 0, 0, 0, 0, 0, 0, 0, 0, 0, 0, 0, 0, 0, 0, 0, 0, 0, 0, 0, 0, 0, 0, 0, 0, 0, 0, 0, 0, 0, 0, 0, 0, 0, 0, 0, 0, 0, 0, 0, 0, 0.0, 0, 0.25, 0.0, 0.0, 0, 0.07692307692307693, 0, 0.09090909090909091, 0, 0.08333333333333333, 0, 0, 0.0625, 0, 0.07142857142857142, 0, 0.5, 0, 0.18181818181818182, 0, 0.0, 0, 0.0, 0, 0, 0.0, 0, 0.125, 0, 0, 0.6666666666666666, 0.0, 0, 0.5333333333333333, 0, 0, 0, 0.0, 0, 0.0, 0, 0.0, 0, 0.0, 0, 0.0, 0, 0, 0.0, 0, 0.0, 0, 0.0, 0, 0.0, 0, 0.0, 0, 0.0, 0, 0, 0.0, 0, 0.0, 0, 0.0, 0, 0.0, 0, 0, 0, 0.0, 0, 0, 0, 0, 0, 0, 0, 0, 0, 0]
recallLK = [0, 0, 0, 0.0, 0, 0.0, 0, 0, 0, 0.0, 0, 0.0, 0, 0, 0, 0, 0, 0, 0, 0, 0, 0, 0, 0, 0, 0, 0.0, 0, 0.0, 0, 0, 0.0, 0, 0.0, 0, 0.0, 0, 0.0, 0, 0.0, 0, 0.0, 0, 0, 0, 0.0, 0, 0.0, 0, 0.0, 0, 0, 0, 0.0, 0, 0.0, 0, 0, 0, 0, 0, 0, 0, 0, 0, 0, 0, 0, 0, 1.0, 0, 0, 0, 1.0, 0, 1.0, 0, 1.0, 0, 0, 0.5, 0, 1.0, 0, 1.0, 0, 0.6666666666666666, 0, 0.0, 0, 0, 0, 0, 0, 0, 1.0, 0, 0, 1.0, 0, 0, 0.8888888888888888, 0, 0, 0, 0, 0, 0, 0, 0, 0, 0.0, 0, 0, 0, 0, 0, 0, 0, 0, 0, 0, 0, 0, 0, 0, 0, 0, 0, 0, 0, 0, 0, 0, 0, 0, 0, 0, 0, 0, 0, 0, 0, 0.0, 0, 0, 0, 0, 0, 0]
measureLK = [0, 0, 0, 0.0, 0, 0.0, 0, 0, 0, 0.0, 0, 0.0, 0, 0, 0, 0, 0, 0, 0, 0, 0, 0, 0, 0, 0, 0, 0.0, 0, 0.0, 0, 0, 0.0, 0, 0.0, 0, 0.0, 0, 0.0, 0, 0.0, 0, 0.0, 0, 0, 0, 0.0, 0, 0.0, 0, 0.0, 0, 0, 0, 0.0, 0, 0.0, 0, 0, 0, 0, 0, 0, 0, 0, 0, 0, 0, 0.0, 0, 0.4, 0.0, 0.0, 0, 0.14285714285714285, 0, 0.16666666666666666, 0, 0.15384615384615385, 0, 0, 0.1111111111111111, 0, 0.13333333333333333, 0, 0.6666666666666666, 0, 0.2857142857142857, 0, 0.0, 0, 0.0, 0, 0, 0.0, 0, 0.2222222222222222, 0, 0, 0.8, 0.0, 0, 0.6666666666666666, 0, 0, 0, 0.0, 0, 0.0, 0, 0.0, 0, 0.0, 0, 0.0, 0, 0, 0.0, 0, 0.0, 0, 0.0, 0, 0.0, 0, 0.0, 0, 0.0, 0, 0, 0.0, 0, 0.0, 0, 0.0, 0, 0.0, 0, 0, 0, 0.0, 0, 0, 0, 0.0, 0, 0, 0, 0, 0, 0]
