accuracyHS = [1.0, 1.0, 1.0, 1.0, 1.0, 1.0, 1.0, 1.0, 1.0, 1.0, 0.9775, 0.9825, 0.9875, 1.0, 0.995, 0.99, 1.0, 1.0, 0.9875, 1.0, 1.0, 0.995, 0.9925, 1.0, 0.9925, 0.995, 1.0, 1.0, 1.0, 1.0, 0.995, 1.0, 0.995, 1.0, 0.9925, 0.9925, 0.9875, 0.9225, 0.9125, 0.9125, 0.9475, 0.93, 0.7975, 0.8825, 0.9725]
accuracyLK = [1.0, 1.0, 1.0, 1.0, 1.0, 1.0, 1.0, 1.0, 1.0, 1.0, 0.98, 0.9875, 0.9975, 1.0, 0.995, 0.9775, 1.0, 1.0, 0.9875, 1.0, 1.0, 0.995, 0.9925, 1.0, 0.9925, 0.995, 1.0, 1.0, 1.0, 1.0, 0.995, 1.0, 0.995, 1.0, 0.9925, 0.9875, 0.925, 0.9, 0.895, 0.885, 0.895, 0.895, 1.0, 1.0, 1.0]
precisionHS = [0, 0, 0, 0, 0, 0, 0, 0, 0, 0, 0.0, 0.0, 0.0, 0, 0.0, 0.6, 0, 0, 0.0, 0, 0, 0.0, 0.0, 0, 0.0, 0.0, 0, 0, 0, 0, 0.0, 0, 0.0, 0, 0.0, 0.4, 0.9354838709677419, 0.8333333333333334, 0.8333333333333334, 0.9375, 0.9047619047619048, 0.7857142857142857, 0, 0, 0]
precisionLK = [0, 0, 0, 0, 0, 0, 0, 0, 0, 0, 0.1111111111111111, 0.2857142857142857, 0.8, 0, 0.5, 0.1, 0, 0, 0.0, 0, 0, 0.0, 0.0, 0, 0.0, 0.0, 0, 0, 0, 0, 0.0, 0, 0.0, 0, 0.0, 0.0, 0.03225806451612903, 0.047619047619047616, 0.0, 0.10416666666666667, 0.047619047619047616, 0.0, 0, 0, 0]
recallHS = [0, 0, 0, 0, 0, 0, 0, 0, 0, 0, 0, 0, 0, 0, 0, 1.0, 0, 0, 0, 0, 0, 0, 0, 0, 0, 0, 0, 0, 0, 0, 0, 0, 0, 0, 0, 1.0, 0.90625, 0.5932203389830508, 0.5555555555555556, 0.5844155844155844, 0.6909090909090909, 0.6346153846153846, 0.0, 0.0, 0.0]
recallLK = [0, 0, 0, 0, 0, 0, 0, 0, 0, 0, 1.0, 1.0, 1.0, 0, 0.5, 1.0, 0, 0, 0, 0, 0, 0, 0, 0, 0, 0, 0, 0, 0, 0, 0, 0, 0, 0, 0, 0, 1.0, 1.0, 0, 0.625, 0.5, 0, 0, 0, 0]
measureHS = [0, 0, 0, 0, 0, 0, 0, 0, 0, 0, 0.0, 0.0, 0.0, 0, 0.0, 0.75, 0, 0, 0.0, 0, 0, 0.0, 0.0, 0, 0.0, 0.0, 0, 0, 0, 0, 0.0, 0, 0.0, 0, 0.0, 0.5714285714285714, 0.9206349206349206, 0.693069306930693, 0.6666666666666666, 0.72, 0.7835051546391752, 0.7021276595744681, 0.0, 0.0, 0.0]
measureLK = [0, 0, 0, 0, 0, 0, 0, 0, 0, 0, 0.2, 0.4444444444444444, 0.8888888888888888, 0, 0.5, 0.18181818181818182, 0, 0, 0.0, 0, 0, 0.0, 0.0, 0, 0.0, 0.0, 0, 0, 0, 0, 0.0, 0, 0.0, 0, 0.0, 0.0, 0.0625, 0.09090909090909091, 0.0, 0.17857142857142858, 0.08695652173913043, 0.0, 0, 0, 0]
