accuracyHS = [1.0, 1.0, 1.0, 1.0, 1.0, 1.0, 1.0, 1.0, 1.0, 1.0, 0.9775, 0.9825, 0.9875, 1.0, 0.995, 0.99, 1.0, 1.0, 0.9875, 1.0, 1.0, 0.995, 0.9925, 1.0, 0.9925, 0.995, 1.0, 1.0, 1.0, 1.0, 0.995, 1.0, 0.995, 1.0, 0.9925, 0.9925, 0.9875, 0.9225, 0.9125, 0.9125, 0.9475, 0.93, 0.7975, 0.8825, 0.9725]
precisionHS = [0, 0, 0, 0, 0, 0, 0, 0, 0, 0, 0.0, 0.0, 0.0, 0, 0.0, 0.6, 0, 0, 0.0, 0, 0, 0.0, 0.0, 0, 0.0, 0.0, 0, 0, 0, 0, 0.0, 0, 0.0, 0, 0.0, 0.4, 0.9354838709677419, 0.8333333333333334, 0.8333333333333334, 0.9375, 0.9047619047619048, 0.7857142857142857, 0, 0, 0]
recallHS = [0, 0, 0, 0, 0, 0, 0, 0, 0, 0, 0, 0, 0, 0, 0, 1.0, 0, 0, 0, 0, 0, 0, 0, 0, 0, 0, 0, 0, 0, 0, 0, 0, 0, 0, 0, 1.0, 0.90625, 0.5932203389830508, 0.5555555555555556, 0.5844155844155844, 0.6909090909090909, 0.6346153846153846, 0.0, 0.0, 0.0]
measureHS = [0, 0, 0, 0, 0, 0, 0, 0, 0, 0, 0.0, 0.0, 0.0, 0, 0.0, 0.75, 0, 0, 0.0, 0, 0, 0.0, 0.0, 0, 0.0, 0.0, 0, 0, 0, 0, 0.0, 0, 0.0, 0, 0.0, 0.5714285714285714, 0.9206349206349206, 0.693069306930693, 0.6666666666666666, 0.72, 0.7835051546391752, 0.7021276595744681, 0.0, 0.0, 0.0]
