accuracy = [1.0, 1.0, 1.0, 1.0, 1.0, 1.0, 1.0, 1.0, 1.0, 1.0, 1.0, 1.0, 1.0, 1.0, 1.0, 1.0, 1.0, 1.0, 1.0, 1.0, 1.0, 1.0, 1.0, 1.0, 1.0, 1.0, 1.0, 1.0, 1.0, 1.0, 1.0, 1.0, 1.0, 1.0, 1.0, 1.0, 1.0, 1.0, 1.0, 1.0, 1.0, 1.0, 1.0, 1.0, 1.0, 1.0, 1.0, 1.0, 1.0, 1.0, 1.0, 1.0, 1.0, 1.0, 1.0, 1.0, 1.0, 1.0, 1.0, 1.0, 1.0, 1.0, 1.0, 1.0, 1.0, 1.0, 1.0, 0.995, 1.0, 0.99, 0.9925, 0.9675, 1.0, 0.9725, 1.0, 0.9725, 1.0, 0.97, 1.0, 1.0, 0.975, 1.0, 0.9875, 1.0, 0.955, 0.9975, 0.985, 0.9975, 0.975, 1.0, 0.9725, 1.0, 1.0, 0.985, 1.0, 0.99, 1.0, 1.0, 0.9775, 0.99, 1.0, 0.97, 1.0, 1.0, 1.0, 0.985, 1.0, 0.975, 0.99, 0.9825, 0.9925, 0.985, 0.9925, 0.99, 0.985, 0.9875, 0.985, 0.99, 0.98, 0.995, 0.9875, 0.9975, 0.99, 0.9975, 0.985, 0.9975, 0.985, 0.9975, 0.9975, 0.9925, 0.9925, 0.985, 0.99, 0.9875, 0.9925, 0.9975, 0.9975, 0.995, 0.9975, 0.9975, 0.9975, 0.995, 0.995, 0.9875, 0.9925, 0.9975, 0.995, 0.995, 0.9875, 0.9925]
precision = [0, 0, 0, 0, 0, 0, 0, 0, 0, 0, 0, 0, 0, 0, 0, 0, 0, 0, 0, 0, 0, 0, 0, 0, 0, 0, 0, 0, 0, 0, 0, 0, 0, 0, 0, 0, 0, 0, 0, 0, 0, 0, 0, 0, 0, 0, 0, 0, 0, 0, 0, 0, 0, 0, 0, 0, 0, 0, 0, 0, 0, 0, 0, 0, 0, 0, 0, 0.0, 0, 0.0, 0.0, 0.0, 0, 0.15384615384615385, 0, 0.0, 0, 0.0, 0, 0, 0.375, 0, 0.7142857142857143, 0, 0.2916666666666667, 0, 0.5454545454545454, 0, 0.16666666666666666, 0, 0.15384615384615385, 0, 0, 0.4, 0, 0.5, 0, 0, 0.4, 0.7, 0, 0.2, 0, 0, 0, 0.45454545454545453, 0, 0.18181818181818182, 0, 0.375, 0, 0.3333333333333333, 0, 0.5714285714285714, 0, 0, 0.3333333333333333, 0, 0.1111111111111111, 0, 0.2857142857142857, 0, 0.3333333333333333, 0, 0.14285714285714285, 0, 0.14285714285714285, 0, 0, 0.4, 0, 0.4, 0, 0.4, 0, 0.6666666666666666, 0, 0, 0, 0.6666666666666666, 0, 0, 0, 0, 0, 0, 0, 0, 0, 0]
recall = [0, 0, 0, 0, 0, 0, 0, 0, 0, 0, 0, 0, 0, 0, 0, 0, 0, 0, 0, 0, 0, 0, 0, 0, 0, 0, 0, 0, 0, 0, 0, 0, 0, 0, 0, 0, 0, 0, 0, 0, 0, 0, 0, 0, 0, 0, 0, 0, 0, 0, 0, 0, 0, 0, 0, 0, 0, 0, 0, 0, 0, 0, 0, 0, 0, 0, 0, 0, 0, 0, 0, 0, 0, 1.0, 0, 0, 0, 0, 0, 0, 1.0, 0, 0.9090909090909091, 0, 0.875, 0.0, 0.8571428571428571, 0.0, 1.0, 0, 1.0, 0, 0, 1.0, 0, 1.0, 0, 0, 1.0, 0.875, 0, 1.0, 0, 0, 0, 1.0, 0, 0.6666666666666666, 0.0, 0.6, 0.0, 1.0, 0.0, 0.8, 0.0, 0.0, 1.0, 0.0, 1.0, 0.0, 1.0, 0.0, 1.0, 0.0, 1.0, 0.0, 1.0, 0.0, 0.0, 1.0, 0.0, 0.4, 0.0, 0.5, 0.0, 1.0, 0.0, 0.0, 0.0, 1.0, 0.0, 0.0, 0.0, 0.0, 0.0, 0.0, 0.0, 0.0, 0.0, 0.0]
measure = [0, 0, 0, 0, 0, 0, 0, 0, 0, 0, 0, 0, 0, 0, 0, 0, 0, 0, 0, 0, 0, 0, 0, 0, 0, 0, 0, 0, 0, 0, 0, 0, 0, 0, 0, 0, 0, 0, 0, 0, 0, 0, 0, 0, 0, 0, 0, 0, 0, 0, 0, 0, 0, 0, 0, 0, 0, 0, 0, 0, 0, 0, 0, 0, 0, 0, 0, 0.0, 0, 0.0, 0.0, 0.0, 0, 0.26666666666666666, 0, 0.0, 0, 0.0, 0, 0, 0.5454545454545454, 0, 0.8, 0, 0.4375, 0.0, 0.6666666666666666, 0.0, 0.2857142857142857, 0, 0.26666666666666666, 0, 0, 0.5714285714285714, 0, 0.6666666666666666, 0, 0, 0.5714285714285714, 0.7777777777777778, 0, 0.3333333333333333, 0, 0, 0, 0.625, 0, 0.2857142857142857, 0.0, 0.46153846153846156, 0.0, 0.5, 0.0, 0.6666666666666666, 0.0, 0.0, 0.5, 0.0, 0.2, 0.0, 0.4444444444444444, 0.0, 0.5, 0.0, 0.25, 0.0, 0.25, 0.0, 0.0, 0.5714285714285714, 0.0, 0.4, 0.0, 0.4444444444444444, 0.0, 0.8, 0.0, 0.0, 0.0, 0.8, 0.0, 0.0, 0.0, 0.0, 0.0, 0.0, 0.0, 0.0, 0.0, 0.0]
